860
4
11
12
13
14
16
20
24
31
34
37
39
40
42
47
54
58
60
63
64
65
67
73
81
85
86
87
88
89
92
96
97
98
99
100
103
107
108
112
116
117
124
126
128
129
131
132
135
141
142
144
147
151
152
155
157
162
165
166
172
178
179
180
181
186
191
196
201
206
208
213
214
215
218
220
221
223
229
231
232
234
238
243
246
248
251
253
257
261
263
268
269
271
273
274
279
282
286
288
289
294
295
296
297
298
300
301
303
307
311
314
318
320
321
323
325
327
330
331
334
336
339
340
341
344
345
348
351
352
353
355
356
357
358
359
360
361
364
366
369
373
374
375
378
379
381
384
386
389
392
393
400
404
408
409
410
413
417
427
428
430
431
432
434
437
438
442
446
447
448
449
452
453
460
465
466
467
471
472
474
475
478
483
487
489
492
494
499
501
502
503
506
512
513
516
520
524
526
527
528
529
531
534
535
536
537
539
543
547
549
550
552
553
554
555
557
560
563
564
565
567
578
580
581
585
586
587
589
591
592
599
600
601
602
604
605
606
607
608
609
611
613
620
623
624
628
630
632
633
634
638
644
645
652
653
659
663
670
671
672
673
674
675
676
680
681
682
685
686
691
692
693
705
707
708
710
712
713
714
715
722
723
724
726
729
732
735
736
737
739
740
741
742
744
748
750
752
756
760
762
766
767
773
774
779
782
783
784
787
791
794
797
798
799
804
805
806
807
808
809
811
813
814
816
817
820
821
825
826
829
831
832
836
840
841
842
843
848
853
857
861
867
871
872
873
876
877
893
894
896
897
899
903
904
905
908
909
912
915
917
922
925
929
930
940
945
946
947
950
956
957
958
959
960
962
964
967
970
977
979
980
981
984
985
988
989
990
994
997
998
999
1002
1009
1012
1013
1016
1017
1020
1023
1024
1025
1026
1028
1029
1035
1037
1041
1045
1046
1049
1051
1060
1062
1065
1066
1069
1072
1074
1075
1076
1080
1087
1092
1097
1098
1100
1102
1106
1119
1123
1124
1125
1126
1131
1135
1139
1145
1146
1150
1152
1155
1156
1158
1162
1166
1167
1172
1178
1181
1182
1183
1189
1191
1192
1193
1196
1199
1201
1202
1204
1205
1210
1216
1219
1222
1225
1227
1231
1237
1238
1249
1251
1254
1258
1268
1271
1272
1274
1275
1277
1280
1282
1286
1287
1296
1298
1300
1302
1304
1306
1309
1313
1314
1315
1316
1317
1318
1322
1331
1339
1340
1343
1351
1353
1357
1358
1361
1362
1365
1366
1367
1373
1377
1381
1382
1384
1392
1394
1395
1402
1405
1409
1410
1412
1414
1416
1418
1424
1425
1431
1433
1436
1438
1439
1440
1442
1443
1444
1454
1458
1459
1460
1462
1465
1468
1470
1477
1479
1481
1484
1485
1491
1492
1494
1496
1497
1501
1502
1503
1505
1506
1509
1512
1513
1514
1519
1522
1525
1527
1529
1530
1532
1538
1542
1543
1544
1545
1546
1547
1549
1553
1555
1562
1568
1569
1571
1572
1574
1576
1577
1584
1587
1589
1593
1594
1595
1598
1599
1600
1605
1609
1610
1616
1622
1625
1626
1627
1631
1632
1640
1642
1643
1645
1646
1647
1651
1653
1656
1658
1661
1670
1671
1676
1681
1682
1685
1687
1688
1697
1703
1706
1708
1711
1713
1717
1718
1721
1723
1725
1726
1729
1733
1736
1737
1739
1743
1744
1746
1748
1749
1750
1753
1759
1760
1761
1764
1766
1767
1771
1774
1775
1776
1777
1778
1781
1794
1798
1801
1803
1805
1806
1811
1819
1820
1825
1830
1831
1839
1843
1844
1845
1847
1849
1850
1851
1852
1856
1861
1862
1864
1865
1866
1867
1868
1869
1872
1874
1876
1877
1880
1883
1885
1889
1890
1898
1900
1907
1908
1910
1911
1912
1915
1923
1924
1931
1932
1933
1934
1937
1939
1942
1945
1946
1947
1950
1953
1954
1956
1962
1963
1966
1971
1973
1974
1976
1977
1978
1981
1983
1984
1986
1988
1989
1993
1995
1998
2001
2002
2004
2005
2007
2010
2011
2012
2013
2016
2017
2019
2021
2025
2026
2027
2028
2029
2030
2031
2032
2033
2034
2037
2042
2043
2044
2047
2049
2051
2059
2060
2061
2062
2063
2064
2067
2068
2070
2072
2074
2077
2083
2084
2085
2087
2091
2094
2095
2099
2100
2103
2110
2111
2114
2115
2119
2120
2122
2127
2128
2131
2132
2138
2141
2143
2144
2148
2149
2150
2151
2153
2156
2159
2161
2163
2164
2165
2167
2169
2171
2174
2175
2177
2182
2185
2187
2189
2191
2192
2194
2196
2197
2199
2202
2208
2209
2211
2214
2218
2219
2222
2228
2234
2235
2239
2240
2243
2246
2247
2249
2250
2251
2255
9
37
38
40
42
50
60
68
91
113
