1740
0
4096
8192
4098
8195
4100
7
4103
8
10
8205
4111
8207
8209
18
24
26
27
4123
8220
4126
8222
35
8228
38
8230
43
4144
8241
50
51
4148
54
4151
4155
4158
8254
8255
8256
8260
4165
8262
71
8264
8268
8270
8271
8272
81
8274
8276
4181
8279
4184
89
4188
93
4190
4194
8291
100
4196
101
4197
4201
4202
110
4206
8304
8305
4211
116
8308
4213
4215
121
8314
124
4222
128
131
4229
134
135
4231
4234
141
143
4239
144
146
149
4247
155
4251
156
4257
162
166
4262
4266
4267
172
4275
4277
4279
185
191
194
197
4295
4298
4301
210
211
4308
213
4309
214
216
217
4316
222
4323
4325
230
233
240
250
4346
252
4348
254
4350
255
261
4359
4362
269
272
4375
280
4377
282
4381
4384
289
4385
292
4392
4394
4396
301
304
4402
307
313
4413
4416
322
4418
324
326
4423
4425
4426
4427
4428
336
4434
340
345
4445
350
352
4448
355
4451
356
357
359
4455
4456
4460
365
4465
4470
376
4473
380
4487
4488
393
397
4495
400
4497
409
411
4508
414
4511
4512
420
4516
424
4520
426
427
430
432
4528
4530
436
437
4533
447
448
4551
461
467
475
4574
483
4580
4584
489
4585
490
4586
493
494
4590
496
497
498
507
4603
508
509
4606
512
514
515
4611
516
4614
519
4618
4620
4621
532
533
541
543
4640
545
4644
4647
554
555
4653
558
559
4656
4657
563
4659
564
565
572
4671
580
4676
587
590
592
598
599
600
4697
602
4699
4700
610
611
618
4715
628
630
631
632
4728
634
635
4731
637
4737
642
4741
647
648
4744
4747
4754
4756
662
664
4760
4761
668
4768
4770
678
679
4775
681
684
4780
686
687
688
695
4791
700
701
4800
705
706
4806
711
4808
718
4816
4817
4818
726
4823
4829
735
737
738
4835
740
4836
742
744
745
751
755
4851
761
4863
768
4865
4866
4870
4873
4878
786
4884
4885
791
4888
4890
4892
801
4897
811
4907
4910
4912
821
4922
827
828
832
835
4933
839
4936
845
846
847
4943
850
4948
856
4953
859
4956
4959
864
4966
4967
4969
4971
4972
877
4974
879
4979
4980
887
888
890
4988
898
901
4999
906
909
910
5006
912
5008
916
5014
921
924
5020
929
5039
945
5049
5058
967
5065
5066
974
975
5075
983
984
5080
988
991
994
998
1000
5097
1004
5101
5102
5103
5104
1011
5111
1018
5115
1026
5124
1029
1030
1033
1035
1036
5132
1041
1043
1044
5141
5145
5153
5155
1061
1062
5162
1068
5165
5168
1074
1077
5175
1083
1090
5186
1091
5191
1096
5192
5194
1099
5196
1101
5199
1110
1111
1116
5215
1121
1123
5224
5226
5228
1138
5235
1142
5238
1148
1149
5245
5249
1156
5256
1161
5258
5259
5261
5262
1172
1175
1176
5272
5273
1180
5278
1188
1202
5301
5309
1214
5311
5312
1218
5314
5317
5318
5320
5322
1228
5324
5326
1231
1233
1235
5337
1243
1244
5340
1246
1248
5348
5349
1257
1258
5355
5356
1261
5357
5360
1269
1271
5368
5369
1275
5372
5380
5385
1291
5387
5391
5392
5393
5396
5400
1311
1315
5411
5413
5418
1323
1327
1331
1339
5437
5438
1343
5440
1345
5442
5446
5455
5456
1361
1362
5458
1367
5463
5465
1370
5466
1373
5469
1380
5477
1382
1389
5489
5490
5493
5494
5499
5500
5501
1415
5511
1416
5512
1417
5515
5518
5519
5523
5524
5531
5541
5543
1448
5550
1455
1456
1458
1460
1470
1471
5568
5576
1483
5579
1486
5582
5585
5587
5591
1496
5601
1506
5602
1510
5608
1517
1518
5614
5615
1521
1522
5628
1533
5630
5631
1537
5634
5640
5643
1550
1554
5653
5663
1569
5665
5666
1571
5681
5682
5694
5697
5698
1606
1607
5707
1615
5714
1619
1623
5722
5732
5737
1644
5740
5746
5753
1661
5758
1663
5762
5764
5766
1673
1675
1677
5778
1684
5785
5786
5787
5789
5790
1696
1699
1705
1708
5811
5813
1719
5815
5816
1725
5822
1731
1737
1738
5834
5837
1742
5844
5848
5849
1755
5853
1760
5857
1764
1765
1766
5863
5865
1770
5867
1775
1776
1778
1780
5876
1791
5887
5888
1794
1797
1799
1803
1804
5901
1806
1807
5904
1809
5907
1813
5911
1816
1820
1823
5920
5921
5923
1828
1835
5931
5935
5936
1842
5941
1846
1849
1851
5947
5956
5957
5960
5962
1868
5966
1871
1873
5972
1878
5974
1879
1880
5976
1883
1888
5987
1894
1896
1899
5998
1905
1908
1910
6007
1917
6013
1918
1919
6023
6026
6029
1935
1936
1937
6034
6037
1942
1943
6040
6047
6049
1956
6056
1961
1964
6062
1971
6068
1974
6071
6074
6075
1981
1985
6088
1994
6090
1995
6092
2000
6096
2002
2003
6099
2004
6105
6109
2014
2015
6112
6113
6114
6116
2024
2025
2030
2032
6129
6136
2041
2042
6140
2046
6142
2047
2048
2051
2053
6151
2057
2061
2062
2063
6163
6164
6165
2072
2073
2074
2075
2080
6177
2082
6180
2085
6183
2090
6186
6189
2096
6192
6193
6195
6196
2104
2105
2107
2110
2112
6208
6213
6220
6221
6222
6228
2134
2141
6239
2145
6241
6242
6245
6247
2152
6248
2156
2159
6255
2161
6260
2165
6261
2167
2168
6265
2170
6266
6267
2172
6268
2173
6269
2175
6271
2176
6272
6277
2183
2185
6281
2186
6283
2189
6285
2193
2195
2198
6294
6296
6311
6312
2217
6314
6318
6319
6330
2235
2237
6338
6339
6341
2247
2250
6347
6357
2264
6362
6363
6366
2271
2274
2279
2280
6377
2282
2285
6389
2294
2295
2300
6396
2302
2303
2305
6404
6407
2312
2313
2320
2324
6421
2328
2329
2332
2334
6430
2335
6431
2338
6436
6444
2352
6449
6450
2356
2357
6453
6454
6456
6458
2363
2364
6464
6470
2376
2378
2379
6475
2388
2392
6490
6492
6494
6495
2404
2407
2409
6505
6507
2413
6510
2419
2421
2422
6521
2427
6523
6524
6527
2435
2437
2441
2447
6547
6548
6549
2456
2461
2462
6558
2467
6564
2470
6570
2475
6572
6574
2483
2487
2494
6592
2498
2499
6596
2507
6603
2508
2512
2513
2514
6611
6613
6615
6618
2524
2527
2529
6627
2532
2534
6632
6635
2544
6644
6645
6648
2553
6650
2555
6652
6653
2558
6655
2560
6656
2562
6658
2563
2564
6663
2568
6665
2575
2576
2578
2582
6678
2584
6684
2590
6689
6692
2597
6693
6696
6698
6699
2605
2607
6704
2610
2611
2613
2615
6712
2617
6713
6714
2619
2622
6729
6732
6737
6739
6748
2653
2656
6752
2661
6760
6761
2667
2669
6765
6767
6768
2674
2675
6771
2677
2680
6776
6777
6779
2684
6781
6783
6784
2692
6790
2699
2700
6797
6798
2704
6807
2713
6813
2721
6817
2724
2725
6829
6830
2735
6836
6839
2747
6844
2750
2753
2756
6855
2762
6870
2776
2777
2778
2781
6881
6884
6885
6888
6889
2795
6892
2798
2799
6900
2808
6906
2812
2813
6909
6915
6916
2822
2826
2827
6924
2830
6928
6929
6937
6938
6940
2847
2848
2853
6949
2855
6952
6953
6957
6961
6963
2869
6966
6967
6970
6972
2877
6975
6981
2888
2889
6986
2896
6992
6993
6994
6996
6997
6998
2903
7000
7005
2910
2918
7017
2923
7021
7023
7026
2935
7031
2936
7032
7033
2938
7034
2939
2940
7036
2945
7041
2947
7044
7045
7046
2954
7053
2960
7056
7058
7061
7062
7068
7070
2982
2985
2987
2988
7085
2993
2994
7090
2999
3001
3002
3007
7105
7109
3014
3017
7114
3019
3020
3021
3022
7121
3026
7122
3027
7123
7125
7128
7129
7131
3036
7132
3037
7139
3045
3046
7143
3050
7148
3055
7154
3059
3066
7163
7164
3069
3070
7169
3074
7175
7176
3082
3092
7190
3098
3101
7197
3103
3105
3109
7208
7209
3116
7213
7216
3123
3124
3129
7225
7226
7227
3133
7232
3138
7235
3140
7238
3146
3147
7244
7248
3153
7249
3159
3162
7262
3167
7264
3173
3175
3177
7273
3181
3182
7278
3187
7284
3191
3194
3198
3204
7301
3206
3207
3208
3209
7308
7309
7311
3216
7313
7318
3226
7323
3231
7331
3237
3238
3240
7338
3244
3247
3249
3250
7349
7352
7355
3260
3263
7362
3271
3275
7377
3282
7378
3286
3291
7388
7389
3295
3299
7395
3305
3311
7407
7409
7413
3319
3321
3323
3326
7423
7425
3332
3333
3334
7430
3338
3339
7435
7436
3345
3346
7446
3352
3356
7453
3358
7454
7455
7458
7459
7463
3368
7465
3373
3374
3375
3381
3382
3384
7480
3385
3393
3397
3399
3402
3407
7503
3409
7508
3416
3417
3418
3424
3426
3437
3442
3444
3445
3450
3451
7547
3452
7548
3459
3462
3464
7560
7561
3466
3468
7564
3471
3472
7568
3477
7574
7577
7584
7592
3497
7593
7595
3501
3504
7602
3508
7607
3516
7612
3518
3519
7616
3521
3522
3524
7620
3525
7623
3529
7625
3531
7627
3533
3535
7632
3537
7633
7635
3540
3541
7642
3549
3550
3551
7647
3552
7648
3556
3559
3563
7659
7663
3569
7666
3574
3575
3578
7675
7677
3584
7683
3589
7687
7689
7690
7692
7695
3600
7701
7704
7708
3614
7712
7718
7723
3630
7729
7731
3639
7738
7741
7746
7750
7751
7753
3663
7766
3673
7772
3683
7782
7788
3694
7790
7791
3700
7796
3705
3706
7802
7813
7814
7815
3723
3726
3729
7827
3738
7834
7835
3745
7842
7845
7846
7847
7850
7853
7859
3764
3765
7862
3767
3769
7866
3771
3774
3777
7874
3781
7879
3786
7882
3789
3792
7891
3796
7892
3799
3805
7901
7902
7903
3811
7907
3816
7916
3827
7925
7929
7931
3837
3838
7935
7937
3846
7944
3850
7946
7949
3854
3858
3859
7955
7959
7960
3869
7966
7967
7969
7973
3887
7983
3889
3890
3891
7992
3901
3905
3906
3908
8005
3910
3916
8012
8013
8014
3923
8020
3925
3927
3933
8030
3939
8037
3944
8040
8041
8042
8043
3951
3952
3953
8049
3957
8053
3958
3959
8056
8057
3964
3966
8064
8066
3972
3973
3980
8076
3984
3989
8087
3992
8093
4000
4007
8105
8106
8110
4016
4017
8116
8117
4022
8118
8119
4033
8136
8138
8139
4046
4049
8150
8152
8153
4062
8160
4065
4066
4070
4071
4075
8174
4079
4080
8177
4083
8181
8182
8184
8188
8189
4094
19
65
163
36
5
133
135
9
106
174
46
78
49
147
149
22
121
57
90
92
