473
2049
1027
2051
1028
9
1034
2059
1036
16
2066
2070
2071
30
31
2079
1056
1062
1063
44
2094
2095
2104
57
2108
1088
1089
2115
68
1093
2117
1096
2120
1100
2124
77
1102
2129
83
1107
2132
1109
86
1112
1113
2137
93
1121
2145
98
2151
105
1134
1137
1139
119
1143
120
122
1146
1147
124
125
1149
126
2176
1153
131
133
135
1159
2185
1163
140
1164
142
143
146
2197
151
1177
2201
1178
2203
2205
2206
2207
162
1189
1190
2214
2216
170
2218
171
175
178
1202
2227
181
1206
2230
1207
2231
1208
2235
190
195
1220
197
198
1225
1226
204
2255
2259
217
1246
2271
225
2275
2276
1253
230
1254
234
2282
2285
238
239
2287
241
2290
245
2294
248
2298
1278
2303
2309
263
2313
267
1291
268
2317
1294
2319
2328
1306
2332
2333
2335
1314
2338
291
2339
2343
1320
297
1321
1322
2349
1331
1334
311
1335
2361
316
317
2365
2366
1343
321
2369
1346
2372
2373
328
330
2379
1356
1357
2381
337
2386
341
2394
2395
2397
1374
2399
352
1377
354
2403
357
359
1385
363
2412
367
2416
2417
1396
1399
2423
376
1400
378
385
1409
1411
388
2436
1414
1418
397
1421
1423
2447
401
402
2455
1434
1435
2465
420
1445
2469
2470
423
1448
1449
429
432
434
1460
1461
2485
2488
441
2489
1466
2490
446
2494
2495
450
1474
2500
453
455
456
459
2507
460
1484
461
1485
2510
2512
465
2513
468
1494
472
2520
2521
474
2522
1499
1500
477
1502
1505
2529
483
488
1513
1517
2543
1521
499
2550
503
1528
1534
2561
514
519
1544
521
2569
2576
535
1562
2586
539
1564
2588
2589
2591
551
552
554
2603
1581
1582
559
1584
1585
564
2612
1589
1592
572
1596
577
1602
583
1607
1613
594
596
1622
1627
613
1642
1643
625
1649
626
629
1658
638
1663
1669
647
652
1677
655
656
1681
661
1685
662
1691
668
1695
1696
673
674
1698
675
684
1712
1714
692
1717
694
1718
1728
1729
708
1732
1733
1736
713
714
1739
1743
1748
731
740
1765
1767
744
745
749
1773
753
1783
1786
764
1788
1794
1797
777
781
786
1810
787
1818
799
1825
802
804
1828
1832
1834
813
1842
819
1843
1844
1846
823
824
825
1849
830
1855
1860
1867
1868
1869
1871
851
853
1877
855
1887
864
867
1892
876
877
884
1908
888
893
897
901
1926
904
1928
1929
910
911
1939
920
928
1959
1963
940
1964
1965
953
957
1984
1988
967
968
1992
1993
970
1994
1997
975
2001
2007
984
986
2012
989
990
996
997
998
1001
1002
1007
2039
14
96
131
35
5
73
43
112
81
146
114
23
57
122
123
