942
10241
6146
6149
4102
6153
2059
4107
8203
14
10255
8208
2065
19
8213
23
6167
2072
4123
2079
10274
10275
4137
6185
2090
43
6188
49
50
10290
4147
52
4159
67
4164
69
10312
6221
8273
82
8276
89
8282
10332
6237
6239
2145
10338
6244
2149
8293
103
6248
2158
4207
8306
115
4213
2166
8310
122
6266
8316
8318
2176
4225
4227
132
6276
4230
6284
141
2190
4242
150
2198
152
154
158
6303
161
6310
6311
8359
170
4268
174
181
8376
8378
190
6335
193
194
4293
2250
2251
207
4303
2256
6356
2261
4310
220
4318
8414
4322
8419
231
2284
2285
4337
4339
244
6389
8440
250
4347
6396
4350
2303
4351
4358
8454
6408
4362
8460
8464
4369
274
2322
8467
280
8480
295
4391
296
8489
2348
2349
304
8496
308
8500
6454
8502
6455
8504
2361
8508
6462
8510
4415
4417
4420
2374
328
2376
4425
331
2381
6481
6483
346
4443
4447
355
357
2407
4455
2412
2413
6511
368
4465
370
372
8564
4475
6526
6528
6531
6533
2438
6535
6539
398
6546
6547
404
6550
8600
6553
8604
413
8607
6564
8612
421
425
4521
2475
4523
2476
8627
436
6582
6585
6586
6589
8637
8643
456
4552
8652
8654
6611
2516
2519
2521
4572
8669
6622
8671
482
4578
6627
8676
485
6635
4591
4593
2549
6646
4599
4600
8699
6653
6655
6657
519
520
526
8720
4627
533
8725
4636
6684
8745
8746
4653
6706
4659
2613
2615
568
6712
4665
4669
6718
8767
578
4674
8773
2636
8780
6734
2642
6741
598
4694
8791
6745
4700
6752
8806
4712
8810
619
2667
8812
4718
8816
4724
641
4739
649
6795
8845
4754
8854
6808
2714
6811
8861
2721
2725
681
2729
6828
686
4784
691
693
2742
8888
2745
8889
4794
8890
6844
704
4801
2754
4804
6858
2767
8911
720
4819
6869
2778
4827
8923
8924
8930
739
6884
8932
6885
4841
749
4848
8944
755
756
2804
4852
757
2810
4862
6910
4863
2816
6913
6915
8966
777
2825
778
4874
2827
8973
8974
785
787
4883
789
4885
2840
798
4894
8993
8994
4899
8997
6953
812
2861
814
815
6959
6962
2875
6975
6980
6981
9032
9036
9043
2900
9047
9052
4958
7011
870
871
873
7017
2926
880
881
4977
9074
4980
4982
887
9080
4986
7036
4991
2945
905
9101
2959
9104
5010
2967
920
5023
7071
5025
9121
9122
5027
2980
5029
938
5035
2989
9137
2994
5043
5050
956
5052
5054
9158
9159
7114
7115
3022
5070
9166
976
3025
5073
7121
9175
990
9185
5092
5096
3049
5099
9196
1007
1011
3060
9209
3067
1021
3071
1024
7174
3080
7182
9230
5138
9239
7192
1052
3100
7197
9247
7200
9248
1060
3108
9254
7223
9275
7231
1088
5184
3139
5187
9283
9285
5190
7238
5191
1096
3146
5194
9290
5195
3149
3153
9297
1107
5203
9301
3159
3165
5214
7263
5218
5220
9319
3179
7275
7277
7278
1135
7279
9327
9335
1150
7295
1161
1167
7313
3218
9363
5268
5269
5270
1180
3228
9373
3233
1186
5284
5286
1191
5288
5290
7338
3244
1199
5295
9391
1200
9393
9394
1203
1207
7351
1211
3259
9403
5308
7361
1219
7363
5317
7367
9415
7368
9418
1228
9420
3277
3280
3281
3291
1247
1250
3299
1252
1257
3309
7405
1262
3310
3312
5361
3315
9462
3322
1278
5374
7422
5376
3329
1282
9477
1290
5393
5396
1303
5403
9500
1309
3358
5406
1313
3362
9506
7459
9512
7469
3374
5422
7473
7480
9530
3388
5440
7488
1346
3397
5446
1355
7499
3406
5454
3409
5457
5462
1369
5465
7513
9562
5467
1372
1374
9566
9568
7522
1390
3438
7534
5487
1393
1394
7538
5491
3446
9591
1401
5498
9594
1406
5503
3456
7554
9602
7555
1416
1420
7565
3471
5523
1429
9621
5528
3483
3484
5535
3489
5539
1444
3493
7594
9642
1452
5552
1457
7601
9655
7608
3515
7612
7621
1479
5575
1481
1484
3533
3534
5582
1487
3536
5584
7632
9681
1491
9691
5598
7650
1507
1510
1512
3561
5611
5612
3566
9710
3570
7667
7669
5623
9722
3582
9727
1540
9733
3593
1547
7692
7693
3601
3605
3608
5661
1572
3623
7723
3628
5676
9772
7725
9775
5680
3634
9778
3635
3636
3645
1599
3648
9792
1601
3650
7749
1613
5709
1615
9810
1620
5716
7764
1624
3672
5720
1625
1626
5723
1632
1643
1644
1646
3694
3696
5746
7794
9845
3707
7803
7805
5758
9854
7807
7808
9856
3713
5761
9859
5767
9864
7817
5770
9866
9871
7828
9876
5784
7833
9883
1693
5791
3745
7841
1701
7845
1702
9895
5802
7850
9898
3756
9904
1718
3769
5817
9915
1726
5822
3780
9924
7878
5831
9932
9935
9940
3797
5845
7902
3808
5856
7907
3812
5860
7909
5862
7911
1768
1775
1777
5874
3827
1787
3835
3840
9987
7944
9992
5899
9995
9997
3854
3855
7951
1808
3857
10001
7954
3859
7956
10004
10005
10009
5917
5918
1823
3874
7970
7976
5932
3885
3886
3888
3889
3890
5938
7986
3891
5942
3899
10043
3900
7996
1856
8000
5954
3910
1863
1868
5964
3920
10064
1875
8025
1882
1883
5981
1888
1897
10090
10093
5999
8047
1904
6003
8052
1909
10101
6007
10103
6011
6013
6014
6015
8064
3971
8067
3973
8072
3977
6025
6032
3987
10131
3988
8086
3991
10139
8092
10142
3999
6050
1955
6052
4008
1961
8106
6066
8114
10163
8119
10169
1980
8127
4036
10183
6091
10190
10192
4050
6098
6099
4053
10209
8164
10212
6117
8165
2022
4071
10218
6124
4077
8175
4080
2035
6132
4087
6138
10235
6143
17
65
5
165
38
135
106
107
48
81
149
22
150
23
89
121
62
126
